#added
ϩⲓⲣⲙ	1	1	1
ϩⲱⲧ	1	1	1
#observed
ⲙⲡ	1159	1	0.9991379310344828
ⲉⲩ	584	1	0.9982905982905983
ϩⲙ	554	1	0.9981981981981982
ⲛⲧⲁ	516	1	0.9980657640232108
ⲉⲧⲣⲉ	332	1	0.996996996996997
%ⲛⲛ	328	1	0.9969604863221885
%ⲉⲧ	959	3	0.9968814968814969
%ⲉⲛ	289	1	0.996551724137931
%ⲙ	1966	8	0.9959473150962512
ⲙⲛⲛ	221	1	0.9954954954954955
ϩⲙⲡ	220	1	0.995475113122172
ⲛⲧ	832	4	0.9952153110047847
ⲡⲉϫⲁ	181	1	0.9945054945054945
ⲛϥ	178	1	0.994413407821229
ⲛϭⲓⲡ	174	1	0.9942857142857143
ϩⲓ	158	1	0.9937106918238994
%ⲡ	1099	7	0.9936708860759493
ⲛⲑ	157	1	0.9936708860759493
ⲉⲁ	151	1	0.993421052631579
ⲧⲏⲣ	442	3	0.9932584269662922
ⲛⲥⲉ	146	1	0.9931972789115646
ⲙⲡⲉϥ	134	1	0.9925925925925926
ϩⲛ	1152	9	0.9922480620155039
ϫⲉⲡ	123	1	0.9919354838709677
ⲙⲛⲡ	122	1	0.991869918699187
ⲁϥ	609	5	0.99185667752443
ⲛⲉⲧ	121	1	0.9918032786885246
ⲛⲛⲉ	113	1	0.9912280701754386
ϩⲛⲛ	112	1	0.9911504424778761
ϩⲛⲧ	109	1	0.990909090909091
ⲉⲡ	322	3	0.9907692307692307
ⲙⲡⲣ	100	1	0.9900990099009901
%ⲁ	1156	14	0.9880341880341881
ⲛⲧⲛ	76	1	0.987012987012987
ⲁⲓ	73	1	0.9864864864864865
ⲙⲁⲩⲁⲁ	70	1	0.9859154929577465
ⲛⲅ	68	1	0.9855072463768116
ⲉⲛⲧⲁ	64	1	0.9846153846153847
ⲛⲟⲩ	319	5	0.9845679012345679
ⲙⲁⲣⲉ	63	1	0.984375
ⲛⲛⲉϥ	62	1	0.9841269841269841
%ⲁⲩ	183	3	0.9838709677419355
ϫⲉⲉ	61	1	0.9838709677419355
ϩⲛϩⲉⲛ	60	1	0.9836065573770492
ⲡⲉⲧ	178	3	0.9834254143646409
ⲉⲧⲃⲏⲏⲧ	58	1	0.9830508474576272
ⲉϣⲁ	58	1	0.9830508474576272
ϫⲉⲁ	172	3	0.9828571428571429
ⲛⲛⲉⲛ	56	1	0.9824561403508771
ϩⲓⲧⲙⲡ	56	1	0.9824561403508771
ⲙⲛⲧ	55	1	0.9821428571428571
ⲙⲛ	1162	22	0.981418918918919
ⲛϩⲉⲛ	158	3	0.9813664596273292
ϫⲉ	1704	33	0.9810017271157168
ⲙⲛⲛⲉϥ	51	1	0.9807692307692307
ⲉⲧⲙ	50	1	0.9803921568627451
ⲡⲉϫⲉⲡ	49	1	0.98
%ⲁⲥ	49	1	0.98
ⲛⲧⲉⲣⲉϥ	48	1	0.9795918367346939
ⲛⲧⲉϥ	48	1	0.9795918367346939
ⲙⲁⲣⲉϥ	47	1	0.9791666666666666
ⲉⲛⲉⲩ	47	1	0.9791666666666666
ϩⲱⲱ	139	3	0.9788732394366197
ⲙⲡⲟⲩ	46	1	0.9787234042553191
ⲉⲧⲉⲧⲛ	46	1	0.9787234042553191
ⲙⲡⲉ	222	5	0.9779735682819384
ⲛⲉϥ	44	1	0.9777777777777777
ϫⲓⲛⲛ	44	1	0.9777777777777777
ⲙⲡⲉⲓ	43	1	0.9772727272727273
ⲛⲧⲉⲡ	42	1	0.9767441860465116
ⲉⲧⲛⲁ	42	1	0.9767441860465116
ⲉⲧⲉⲣⲉ	41	1	0.9761904761904762
%ⲉⲙ	40	1	0.975609756097561
ϩⲙⲡⲉ	40	1	0.975609756097561
%ⲑ	39	1	0.975
ϩⲛⲛⲉ	39	1	0.975
ϩⲙⲡⲉⲕ	39	1	0.975
ⲛⲉⲩ	38	1	0.9743589743589743
ⲙⲡⲉⲩ	38	1	0.9743589743589743
ⲉⲧⲛ	38	1	0.9743589743589743
ⲙⲛϩⲉⲛ	113	3	0.9741379310344828
%ⲁⲕ	37	1	0.9736842105263158
ⲉϫⲛ	109	3	0.9732142857142857
ⲛⲉⲛⲧ	36	1	0.972972972972973
ⲉⲛϣⲁⲛ	36	1	0.972972972972973
ⲛⲙⲙⲁ	107	3	0.9727272727272728
ⲛⲧⲉ	175	5	0.9722222222222222
ⲙⲛⲛⲉ	35	1	0.9722222222222222
ⲉⲡⲉ	35	1	0.9722222222222222
ⲉϫⲛⲛ	35	1	0.9722222222222222
ϫⲟⲟ	35	1	0.9722222222222222
ϩⲛⲛⲉϥ	35	1	0.9722222222222222
ϣⲁⲡ	35	1	0.9722222222222222
ⲉⲧⲟⲟⲧ	34	1	0.9714285714285714
ⲉϥ	497	15	0.970703125
ⲕⲁⲧⲁⲧ	33	1	0.9705882352941176
ⲉⲁⲁ	33	1	0.9705882352941176
ⲡⲉⲛⲧ	97	3	0.97
ⲛϭⲓⲛ	32	1	0.9696969696969697
ⲙⲡⲓ	32	1	0.9696969696969697
ⲙⲛⲟⲩ	96	3	0.9696969696969697
ⲙⲁⲣⲛ	32	1	0.9696969696969697
ⲉⲧϩⲛ	32	1	0.9696969696969697
ⲙⲡⲁ	31	1	0.96875
ⲕⲁⲧⲁⲛⲉ	31	1	0.96875
ⲉⲛⲁϣⲱ	31	1	0.96875
ⲉⲧⲉ	213	7	0.9681818181818181
ⲛⲙ	30	1	0.967741935483871
ⲉϥϣⲁⲛ	30	1	0.967741935483871
ⲡⲉⲧⲉ	29	1	0.9666666666666667
ⲛⲧⲉⲛ	29	1	0.9666666666666667
ⲉⲡⲉⲓ	29	1	0.9666666666666667
ϫⲉⲉⲣⲉ	29	1	0.9666666666666667
ⲙⲛⲙ	28	1	0.9655172413793104
ϣⲁⲣⲟ	28	1	0.9655172413793104
ⲙⲙⲟ	861	31	0.9652466367713004
ⲡⲁⲛ	27	1	0.9642857142857143
ⲙⲡⲣⲧⲣⲉ	27	1	0.9642857142857143
ⲙⲙⲱ	27	1	0.9642857142857143
ⲉⲧϩⲙ	27	1	0.9642857142857143
ⲉⲡⲉϥ	27	1	0.9642857142857143
ⲕⲁⲧⲁ	187	7	0.9639175257731959
ⲉⲩϣⲁⲛ	26	1	0.9629629629629629
ⲁⲧⲉⲧⲛ	26	1	0.9629629629629629
ⲉⲣⲟ	636	25	0.962178517397882
ⲛϭⲓ	351	14	0.9616438356164384
ⲛⲧⲉⲣ	25	1	0.9615384615384616
ⲛⲙⲙ	25	1	0.9615384615384616
ⲛⲉⲛ	25	1	0.9615384615384616
ⲙⲡⲉⲕ	25	1	0.9615384615384616
ⲙⲡϥ	25	1	0.9615384615384616
ⲕⲁⲧⲁⲑ	25	1	0.9615384615384616
ⲉⲧⲉⲛ	25	1	0.9615384615384616
ⲉⲧⲃⲉⲡ	25	1	0.9615384615384616
ⲉⲛⲉⲛ	25	1	0.9615384615384616
ⲉϩⲉⲛ	75	3	0.9615384615384616
ϫⲉⲉⲣϣⲁⲛ	25	1	0.9615384615384616
ϫⲉϥ	24	1	0.96
ϩⲓⲧⲟⲟⲧ	24	1	0.96
ϩⲓϫⲙⲡ	24	1	0.96
ϩⲁⲣⲟ	24	1	0.96
ⲛⲧⲉⲣⲟⲩ	23	1	0.9583333333333334
ⲛⲥⲱ	69	3	0.9583333333333334
ⲛⲛⲉⲩ	23	1	0.9583333333333334
ⲙⲛⲛⲉⲩ	23	1	0.9583333333333334
ⲁⲣ	23	1	0.9583333333333334
ⲁⲡ	46	2	0.9583333333333334
ϫⲛⲉ	23	1	0.9583333333333334
ϫⲉⲧⲛ	23	1	0.9583333333333334
ϩⲛⲛⲉⲩ	23	1	0.9583333333333334
ⲉⲛⲧ	67	3	0.9571428571428572
ϩⲙⲡⲉⲛ	22	1	0.9565217391304348
ϫⲉⲛ	86	4	0.9555555555555556
ⲛⲧⲉⲣⲉ	64	3	0.9552238805970149
ⲥⲉⲛⲁ	21	1	0.9545454545454546
ⲡⲁⲣⲁ	21	1	0.9545454545454546
ⲕⲁⲧⲁⲡ	21	1	0.9545454545454546
ϫⲉϯ	63	3	0.9545454545454546
ϩⲛⲧⲉϥ	21	1	0.9545454545454546
ϩⲓϫⲱ	21	1	0.9545454545454546
ϣⲁⲛⲧⲉϥ	21	1	0.9545454545454546
ⲛⲧⲉⲓ	102	5	0.9532710280373832
ϯⲛⲁ	61	3	0.953125
ⲙⲡⲉⲛ	20	1	0.9523809523809523
ⲙⲛⲛⲉⲛ	20	1	0.9523809523809523
ⲉⲧⲉⲙⲛ	20	1	0.9523809523809523
ⲉϫⲙⲡ	20	1	0.9523809523809523
ϩⲛⲛⲉⲧⲛ	20	1	0.9523809523809523
ϩⲁ	60	3	0.9523809523809523
ⲛⲁ	866	44	0.9516483516483516
ϩⲓⲧⲙ	58	3	0.9508196721311475
ϣⲁ	193	10	0.9507389162561576
ⲡⲟⲩ	19	1	0.95
ⲙⲉϥ	19	1	0.95
ⲕⲛⲁ	19	1	0.95
ⲉⲧⲛⲁⲛⲟⲩ	19	1	0.95
ⲉⲣⲉⲡ	19	1	0.95
ϫⲉⲡⲁ	19	1	0.95
ϫⲉⲛⲛⲉ	19	1	0.95
ϩⲙⲡⲟⲩ	19	1	0.95
ϩⲓϫⲛ	19	1	0.95
ϣⲁⲩ	19	1	0.95
ϩⲉⲛ	112	6	0.9491525423728814
ϩⲙⲡⲉϥ	55	3	0.9482758620689655
ⲡⲉⲩ	18	1	0.9473684210526315
ⲡⲁ	54	3	0.9473684210526315
ⲙⲡⲉⲧⲛ	18	1	0.9473684210526315
ⲉⲧⲉϥ	18	1	0.9473684210526315
ⲉⲕϣⲁⲛ	18	1	0.9473684210526315
ⲉⲕ	54	3	0.9473684210526315
ϩⲛⲧⲉⲩ	18	1	0.9473684210526315
ϩⲛⲙ	18	1	0.9473684210526315
#ⲉϫⲱ	105	6	0.9459459459459459
ⲧⲉϥ	17	1	0.9444444444444444
ⲧⲁⲣⲉ	17	1	0.9444444444444444
ⲧⲁⲁ	17	1	0.9444444444444444
ⲟⲩⲛⲧⲁ	17	1	0.9444444444444444
ⲛⲉⲧⲉⲣⲉ	17	1	0.9444444444444444
ⲉⲧϥ	17	1	0.9444444444444444
ϫⲛⲉⲟⲩ	17	1	0.9444444444444444
ϫⲉⲉⲧⲃⲉ	17	1	0.9444444444444444
ϩⲓⲱⲱ	17	1	0.9444444444444444
#ϣⲁⲣⲱ	17	1	0.9444444444444444
ϩⲛⲟⲩ	285	17	0.9437086092715232
ⲡⲉϥ	49	3	0.9423076923076923
ⲛⲕⲉ	16	1	0.9411764705882353
ⲙⲛⲡⲉ	16	1	0.9411764705882353
ⲙⲛⲛⲟⲩ	16	1	0.9411764705882353
ⲙⲙⲛ	16	1	0.9411764705882353
ⲉⲣϣⲁⲛⲡ	16	1	0.9411764705882353
ⲉⲙⲛ	16	1	0.9411764705882353
ⲉϫⲛⲧ	16	1	0.9411764705882353
ϫⲉⲕ	16	1	0.9411764705882353
ϩⲛⲧⲉ	16	1	0.9411764705882353
ϩⲓⲟⲩ	16	1	0.9411764705882353
ϣⲁⲛ	16	1	0.9411764705882353
ⲛⲏ	46	3	0.9387755102040817
ⲛⲥⲁⲡ	15	1	0.9375
ⲛⲉⲣ	15	1	0.9375
ⲕⲁⲧⲁⲡⲉ	15	1	0.9375
ⲉⲧⲃⲉⲛⲉⲩ	15	1	0.9375
ⲉⲧⲃⲉϫⲉ	15	1	0.9375
ⲉⲣⲁⲧ	15	1	0.9375
ⲉⲡⲟⲩ	15	1	0.9375
ⲉⲛⲉⲓ	15	1	0.9375
ϫⲉϩⲉⲛ	15	1	0.9375
ϩⲛⲛⲉⲓ	15	1	0.9375
ϩⲓⲧⲛⲧ	15	1	0.9375
ⲛⲧⲉⲩ	14	1	0.9333333333333333
ⲛⲥⲁⲛ	14	1	0.9333333333333333
ⲛⲛⲟⲩ	14	1	0.9333333333333333
ⲛⲛⲓ	14	1	0.9333333333333333
ⲛⲛⲉⲓ	14	1	0.9333333333333333
ⲙⲁⲣⲉⲛ	14	1	0.9333333333333333
ⲉⲧⲟⲩ	14	1	0.9333333333333333
ⲉⲧⲃⲉⲛ	14	1	0.9333333333333333
ⲁϫⲛ	14	1	0.9333333333333333
ϣⲁⲧ	14	1	0.9333333333333333
ϣⲁϥ	41	3	0.9318181818181818
ϩⲓⲧⲛ	53	4	0.9298245614035088
ⲛⲥ	13	1	0.9285714285714286
ⲛⲛⲉⲕ	13	1	0.9285714285714286
ⲛⲉⲧⲉ	13	1	0.9285714285714286
ⲛⲉⲥ	13	1	0.9285714285714286
ⲛⲉⲣⲁ	13	1	0.9285714285714286
ⲛⲉⲁ	13	1	0.9285714285714286
ⲙⲛⲧⲟⲩ	13	1	0.9285714285714286
ⲙⲛⲡⲉϥ	13	1	0.9285714285714286
ⲉⲧⲕ	13	1	0.9285714285714286
ⲉⲧⲉⲡ	13	1	0.9285714285714286
ⲉⲧⲉⲕ	13	1	0.9285714285714286
ⲉⲡⲉⲛ	13	1	0.9285714285714286
ϫⲉⲧ	13	1	0.9285714285714286
ϫⲉⲛⲧ	13	1	0.9285714285714286
ϩⲓϫⲙⲡⲉ	13	1	0.9285714285714286
ⲡⲉϫⲉ	64	5	0.927536231884058
ⲙⲁⲣ	37	3	0.925
ⲉⲩⲉ	37	3	0.925
ⲛⲛⲁϩⲣⲙⲡ	12	1	0.9230769230769231
ⲛϭⲓⲧ	12	1	0.9230769230769231
ⲉⲛⲉϥ	12	1	0.9230769230769231
ⲁⲛⲧⲓ	12	1	0.9230769230769231
%ⲉ	4121	349	0.921923937360179
ⲙⲛⲛⲥⲁ	35	3	0.9210526315789473
ⲧⲁⲣ	11	1	0.9166666666666666
ⲧⲁ	33	3	0.9166666666666666
ⲟⲩⲛϩⲉⲛ	11	1	0.9166666666666666
ⲛⲣⲉϥⲣ	11	1	0.9166666666666666
ⲛϭⲓⲛⲉⲓ	11	1	0.9166666666666666
ⲛϭⲓⲛⲉ	11	1	0.9166666666666666
ⲛϩⲛ	11	1	0.9166666666666666
ⲙⲡⲉⲥ	11	1	0.9166666666666666
ⲙⲛⲛⲥⲱ	11	1	0.9166666666666666
ⲕⲁⲧⲁⲛ	11	1	0.9166666666666666
ⲉⲧⲉⲣⲉⲛ	11	1	0.9166666666666666
ⲉⲣϣⲁⲛ	44	4	0.9166666666666666
ⲉⲛⲉⲙⲡⲉ	11	1	0.9166666666666666
ⲉⲑ	11	1	0.9166666666666666
ⲉϣⲡ	11	1	0.9166666666666666
ⲁⲣⲉ	11	1	0.9166666666666666
ϫⲓⲛⲧ	11	1	0.9166666666666666
ϫⲉⲥⲁϩⲉ	11	1	0.9166666666666666
ϩⲛⲛⲓ	11	1	0.9166666666666666
ϣⲁⲛⲧ	11	1	0.9166666666666666
ϫⲓⲛ	72	7	0.9113924050632911
#ⲉⲛⲉ	59	6	0.9076923076923077
ⲛⲧⲟⲟⲧ	29	3	0.90625
ⲡⲉⲛ	38	4	0.9047619047619048
ⲛϭⲓⲟⲩ	27	3	0.9
#ⲉⲣⲱ	27	3	0.9
%ⲛ	5493	616	0.8991651661483058
ⲛϯ	26	3	0.896551724137931
ⲛⲛⲁ	25	3	0.8928571428571429
ⲉⲧⲃⲉ	280	35	0.8888888888888888
ⲉϫⲙ	32	4	0.8888888888888888
ϣⲁⲛⲧⲉ	23	3	0.8846153846153846
ⲉⲛⲁⲛⲟⲩ	15	2	0.8823529411764706
ⲛⲧⲉⲧⲛ	37	5	0.8809523809523809
ⲙⲙⲓⲛⲙⲙⲟ	29	4	0.8787878787878788
ⲉⲟⲩ	21	3	0.875
ϫⲉⲥⲉ	21	3	0.875
ϫⲉⲛⲉ	35	5	0.875
%ⲧ	216	31	0.8744939271255061
ⲉⲣⲉ	86	13	0.8686868686868687
ϫⲉⲙⲛ	19	3	0.8636363636363636
ⲛⲥⲁ	74	12	0.8604651162790697
ϩⲙⲡⲉⲓ	18	3	0.8571428571428571
ϩⲓϫⲙ	42	7	0.8571428571428571
ϥⲛⲁ	40	7	0.851063829787234
ⲉⲥ	15	3	0.8333333333333334
ⲉⲧⲣ	14	3	0.8235294117647058
ⲥⲉ	69	15	0.8214285714285714
ϫⲉⲟⲩⲛ	23	5	0.8214285714285714
ⲧⲟⲩ	13	3	0.8125
ⲁϫⲓ	13	3	0.8125
ϩⲛⲛⲉⲕ	13	3	0.8125
ⲧⲉⲧⲛ	28	7	0.8
ⲉⲣ	20	5	0.8
ⲧⲟⲟⲧ	11	3	0.7857142857142857
#ⲟⲩⲛⲟⲩ	11	3	0.7857142857142857
ⲁⲣⲓ	11	3	0.7857142857142857
ϩⲁⲧⲏ	11	3	0.7857142857142857
ϣⲁⲣⲉ	11	3	0.7857142857142857
#ⲛϩⲏⲧ	214	61	0.7781818181818182
ⲛⲛⲁϩⲣⲙ	17	5	0.7727272727272727
ϩⲁⲧⲛ	23	7	0.7666666666666667
#ⲟⲩⲛ	62	19	0.7654320987654321
ⲡⲉⲓ	9	3	0.75
ⲛⲉⲧⲛ	9	3	0.75
ⲛⲉⲕ	9	3	0.75
ⲙⲛⲧⲉ	12	4	0.75
ⲛⲛⲁϩⲣⲛ	11	5	0.6875
#ⲛⲧⲟⲩ	13	6	0.6842105263157895
ⲛⲉⲓ	27	13	0.675
ϫⲉⲉⲓⲥ	13	7	0.65
%ϯ	139	93	0.5991379310344828
ⲧⲣⲉ	7	5	0.5833333333333334
#ϫⲉⲟⲩ	47	40	0.5402298850574713
%ⲣ	22	19	0.5365853658536586
#ⲛⲉ	219	218	0.5011441647597255
#ⲉⲧϯ	7	7	0.5
ⲉⲓⲥ	13	14	0.48148148148148145
ϩⲱ	21	24	0.4666666666666667
ⲉϩⲟⲩⲉ	7	9	0.4375
ⲉϥⲓ	7	10	0.4117647058823529
ⲧⲉⲓ	6	9	0.4
ϫⲉⲉϣϫⲉ	7	12	0.3684210526315789
ϩⲁⲧ	10	19	0.3448275862068966
ⲉⲓ	94	188	0.3333333333333333
ⲉϯ	4	8	0.3333333333333333
ⲧⲁⲉⲓⲟ	5	11	0.3125
ⲧⲛ	76	190	0.2857142857142857
ⲙⲙⲁ	7	20	0.25925925925925924
ⲛⲉⲩϣⲏⲣⲉ	3	9	0.25
ⲙⲛⲧⲣⲉ	3	9	0.25
ⲙⲉⲛ	4	12	0.25
ⲉⲧⲟⲩⲏϩ	3	9	0.25
ⲁⲣⲁ	5	15	0.25
ϫⲓⲧ	3	9	0.25
ⲡⲉ	177	643	0.21585365853658536
ⲛϫⲓ	3	11	0.21428571428571427
ϩⲁⲡ	11	44	0.2
ϩⲏⲧ	52	221	0.19047619047619047
ⲧⲁⲓⲟ	3	13	0.1875
ⲉⲛⲁⲓ	3	13	0.1875
ⲉϩⲁⲣⲉϩ	3	13	0.1875
ⲙⲉ	23	103	0.18253968253968253
ⲭⲱⲣⲓⲥ	4	18	0.18181818181818182
%ⲕ	71	323	0.1802030456852792
ⲡⲉⲛϩⲏⲧ	5	23	0.17857142857142858
ⲛⲁϣ	5	24	0.1724137931034483
ⲧⲉ	44	216	0.16923076923076924
ⲛϫⲱ	3	16	0.15789473684210525
ⲓⲥⲁⲁⲕ	3	17	0.15
ϩⲏⲡ	3	17	0.15
ⲕⲁ	3	18	0.14285714285714285
ⲉⲓⲥϩⲏⲏⲧⲉ	3	19	0.13636363636363635
ϫⲟⲟⲩ	3	20	0.13043478260869565
ⲛⲏⲧⲛ	5	35	0.125
ⲉⲓⲉ	4	28	0.125
ϥϯ	3	21	0.125
ⲁⲡⲉ	3	22	0.12
ⲥⲱϣ	3	23	0.11538461538461539
ⲥⲁ	3	26	0.10344827586206896
ⲛϩⲙϩⲁⲗ	3	27	0.1
ⲑⲃⲃⲓⲟ	3	27	0.1
ⲛϣⲏⲣⲉ	5	46	0.09803921568627451
ⲉⲧⲟ	3	28	0.0967741935483871
ⲉⲙⲁⲧⲉ	3	28	0.0967741935483871
ⲥⲟⲩⲛ	2	19	0.09523809523809523
ⲉⲧⲃⲏⲏⲧⲟⲩ	3	30	0.09090909090909091
ⲟⲩ	166	1683	0.0897782585181179
ⲧⲁⲕⲟ	3	31	0.08823529411764706
..	3	31	0.08823529411764706
ⲩⲉⲓⲣⲉ	1	11	0.08333333333333333
ⲩϩⲟⲟⲩ	1	11	0.08333333333333333
ⲧⲧⲁⲡⲣⲟ	1	11	0.08333333333333333
ⲧⲟⲧⲉ	1	11	0.08333333333333333
ⲧⲛⲁⲩ	1	11	0.08333333333333333
ⲧⲙⲛⲧⲣⲙⲛϩⲏⲧ	1	11	0.08333333333333333
ⲧⲙⲁⲁⲩ	1	11	0.08333333333333333
ⲧⲉϩⲣⲱ	1	11	0.08333333333333333
ⲧⲃⲛⲟⲟⲩⲉ	1	11	0.08333333333333333
ⲧⲁⲗⲟ	1	11	0.08333333333333333
ⲧϩⲟⲧⲉ	1	11	0.08333333333333333
ⲧϩⲏ	1	11	0.08333333333333333
ⲥⲣϥⲉ	1	11	0.08333333333333333
ⲥⲟⲡⲥ	1	11	0.08333333333333333
ⲥⲓϣⲉ	1	11	0.08333333333333333
ⲥⲁⲧⲉ	1	11	0.08333333333333333
ⲥⲁϩⲛⲉ	1	11	0.08333333333333333
ⲥⲁϩⲉⲧⲏⲩⲧⲛ	1	11	0.08333333333333333
ⲥϩⲁⲓ	1	11	0.08333333333333333
ⲣⲙⲙⲁⲟ	1	11	0.08333333333333333
ⲡⲟⲩϫⲁⲓ	1	11	0.08333333333333333
ⲡⲗⲏⲛ	1	11	0.08333333333333333
ⲡⲉⲭⲣⲏⲙⲁ	1	11	0.08333333333333333
ⲡⲉⲥⲧⲣⲁⲧⲏⲗⲁⲧⲏⲥ	1	11	0.08333333333333333
ⲡⲉⲥⲛⲟϥ	1	11	0.08333333333333333
ⲡⲉϥⲏⲓ	1	11	0.08333333333333333
ⲡⲅⲁⲙⲟⲥ	1	11	0.08333333333333333
ⲡⲃⲟⲗ	1	11	0.08333333333333333
ⲡⲁⲣⲁⲇⲓⲇⲟⲩ	1	11	0.08333333333333333
ⲡⲁϣⲁⲓ	1	11	0.08333333333333333
ⲡϫⲓⲥⲉ	1	11	0.08333333333333333
ⲡϩⲏⲧ	1	11	0.08333333333333333
ⲟⲩⲟⲣⲅⲏ	1	11	0.08333333333333333
ⲟⲩⲛⲟϥ	1	11	0.08333333333333333
ⲟⲩⲉ	1	11	0.08333333333333333
ⲟⲩⲇⲓⲁⲑⲏⲕⲏ	1	11	0.08333333333333333
ⲟⲩϭⲉⲣⲱⲃ	1	11	0.08333333333333333
ⲛⲣⲉϥϫⲓⲟⲩⲉ	1	11	0.08333333333333333
ⲛⲟⲩⲏⲏⲃ	1	11	0.08333333333333333
ⲛⲉⲓⲣⲏⲛⲏ	1	11	0.08333333333333333
ⲛⲉϥⲇⲓⲕⲁⲓⲱⲙⲁ	1	11	0.08333333333333333
ⲛⲉϥϩⲟⲓⲧⲉ	1	11	0.08333333333333333
ⲛⲃⲱⲕ	1	11	0.08333333333333333
ⲛⲁⲛⲟⲩⲧⲉ	1	11	0.08333333333333333
ⲛⲁⲉⲓⲣⲉ	1	11	0.08333333333333333
ⲛⲁⲅⲁⲑⲟⲥ	1	11	0.08333333333333333
ⲛⲁⲅⲁⲑⲟⲛ	1	11	0.08333333333333333
ⲛⲁϯⲉⲟⲟⲩ	1	11	0.08333333333333333
ⲛⲁϩⲁⲣⲉϩ	1	11	0.08333333333333333
ⲛⲁϣⲱϥ	1	11	0.08333333333333333
ⲛϩⲏⲧⲧⲏⲩⲧⲛ	1	11	0.08333333333333333
ⲛϩⲏⲃⲥ	1	11	0.08333333333333333
ⲛϩⲁⲡ	1	11	0.08333333333333333
ⲛϣⲃⲏⲣ	1	11	0.08333333333333333
ⲙⲡⲱⲣ	1	11	0.08333333333333333
ⲙⲡⲓⲥⲧⲟⲥ	1	11	0.08333333333333333
ⲙⲡⲁⲣⲑⲉⲛⲟⲥ	1	11	0.08333333333333333
ⲙⲟⲕⲙⲉⲕ	1	11	0.08333333333333333
ⲙⲛⲧⲣⲙⲛϩⲏⲧ	1	11	0.08333333333333333
ⲙⲛⲧⲣⲉϥϫⲓϩⲟ	1	11	0.08333333333333333
ⲙⲛⲧⲛⲟⲩϫ	1	11	0.08333333333333333
ⲙⲛⲛⲥⲱⲥ	1	11	0.08333333333333333
ⲙⲛⲛⲟⲃⲉ	1	11	0.08333333333333333
ⲙⲙⲓⲛⲙⲙⲟϥ	1	11	0.08333333333333333
ⲙⲙⲓⲛⲉ	1	11	0.08333333333333333
ⲙⲙⲏⲛⲉ	1	11	0.08333333333333333
ⲙⲙⲉⲉⲩⲉ	1	11	0.08333333333333333
ⲙⲉⲉⲣⲉ	1	11	0.08333333333333333
ⲗⲏⲥⲧⲏⲥ	1	11	0.08333333333333333
ⲕⲧⲟϥ	1	11	0.08333333333333333
ⲕⲣⲓⲥⲓⲥ	1	11	0.08333333333333333
ⲕⲉⲗⲉⲩⲉ	1	11	0.08333333333333333
ⲕⲁⲣⲱϥ	1	11	0.08333333333333333
ⲑⲏ	1	11	0.08333333333333333
ⲉⲩⲉⲉⲓ	1	11	0.08333333333333333
ⲉⲧⲣⲛⲟⲃⲉ	1	11	0.08333333333333333
ⲉⲧϯⲥⲃⲱ	1	11	0.08333333333333333
ⲇⲓⲕⲁⲓⲟⲛ	1	11	0.08333333333333333
ⲇⲓⲁⲑⲏⲕⲏ	1	11	0.08333333333333333
ⲅⲁⲙⲟⲥ	1	11	0.08333333333333333
ⲃⲟⲧⲉ	1	11	0.08333333333333333
ⲃⲓⲟⲥ	1	11	0.08333333333333333
ⲁⲣⲭⲏ	1	11	0.08333333333333333
ⲁϭⲣⲏⲛ	1	11	0.08333333333333333
ⲁϩⲉⲣⲁⲧϥ	1	11	0.08333333333333333
ⲁϩⲁϩ	1	11	0.08333333333333333
%†	1	11	0.08333333333333333
ϯⲗⲟⲅⲟⲥ	1	11	0.08333333333333333
ϭⲟⲡϥ	1	11	0.08333333333333333
ϭⲛⲧϥ	1	11	0.08333333333333333
ϭⲉⲡⲏ	1	11	0.08333333333333333
ϫⲉⲣⲟ	1	11	0.08333333333333333
ϫⲉⲟⲩⲟⲛ	1	11	0.08333333333333333
ϫⲉⲛⲁⲓ	1	11	0.08333333333333333
ϫⲉⲕⲱ	1	11	0.08333333333333333
ϫⲉⲉⲃⲟⲗ	1	11	0.08333333333333333
ϩⲱⲛ	1	11	0.08333333333333333
ϩⲧⲏϥ	1	11	0.08333333333333333
ϩⲣⲱ	1	11	0.08333333333333333
ϩⲣⲁⲭⲏⲗ	1	11	0.08333333333333333
ϩⲟⲧⲁⲛ	1	11	0.08333333333333333
ϩⲟⲉⲓⲧⲉ	1	11	0.08333333333333333
ϩⲃⲏⲟⲩⲉ	1	11	0.08333333333333333
ϩⲁⲧⲏⲛ	1	11	0.08333333333333333
ϩⲁⲓ	1	11	0.08333333333333333
ϥⲣϣⲁⲩ	1	11	0.08333333333333333
ϥⲟⲩⲱϣⲃ	1	11	0.08333333333333333
ϥⲙⲓϣⲉ	1	11	0.08333333333333333
ϥϯⲟⲥⲉ	1	11	0.08333333333333333
ϥϭⲙϭⲟⲙ	1	11	0.08333333333333333
ϥϫⲓⲕⲃⲁ	1	11	0.08333333333333333
ϥϩⲙⲟⲟⲥ	1	11	0.08333333333333333
ϣⲧⲏⲛ	1	11	0.08333333333333333
ϫⲉⲕⲁⲥ	3	34	0.08108108108108109
ⲛⲁⲙⲉ	3	35	0.07894736842105263
ⲉⲧⲃⲉⲟⲩ	4	47	0.0784313725490196
ⲁⲛ	44	527	0.07705779334500876
ⲫⲟⲣⲉⲓ	1	12	0.07692307692307693
ⲩⲧⲛⲧⲱⲛ	1	12	0.07692307692307693
ⲩⲡⲱⲧ	1	12	0.07692307692307693
ⲧⲡⲁⲣⲑⲉⲛⲟⲥ	1	12	0.07692307692307693
ⲧⲏⲩ	1	12	0.07692307692307693
ⲥⲟⲟⲩⲧⲛ	1	12	0.07692307692307693
ⲡⲟⲣⲛⲉⲓⲁ	1	12	0.07692307692307693
ⲡⲕⲁⲕⲉ	1	12	0.07692307692307693
ⲡⲓⲥⲣⲁⲏⲗ	1	12	0.07692307692307693
ⲡⲉⲑⲩⲥⲓⲁⲥⲧⲏⲣⲓⲟⲛ	1	12	0.07692307692307693
ⲡⲁⲑⲟⲥ	1	12	0.07692307692307693
ⲡϫⲟⲓⲥ	1	12	0.07692307692307693
ⲡϫⲓⲟⲩⲉ	1	12	0.07692307692307693
ⲡϩⲱⲃ	1	12	0.07692307692307693
ⲟⲩⲟⲛϩ	1	12	0.07692307692307693
ⲟⲩⲛⲟϭ	3	36	0.07692307692307693
ⲟⲩⲏⲩ	1	12	0.07692307692307693
ⲟⲩϩⲩⲡⲟⲕⲣⲓⲥⲓⲥ	1	12	0.07692307692307693
ⲟⲥⲉ	1	12	0.07692307692307693
ⲛⲥⲙⲟⲧ	1	12	0.07692307692307693
ⲛⲟⲩϫⲉ	1	12	0.07692307692307693
ⲛⲙⲙⲁⲛ	1	12	0.07692307692307693
ⲛⲕⲱϩⲧ	1	12	0.07692307692307693
ⲛⲉⲓⲕⲟⲟⲩⲉ	1	12	0.07692307692307693
ⲛⲉϥⲁⲅⲅⲉⲗⲟⲥ	1	12	0.07692307692307693
ⲛⲁϯ	1	12	0.07692307692307693
ⲙⲟⲓϩⲉ	1	12	0.07692307692307693
ⲙⲛⲧⲁⲧⲥⲱⲧⲙ	1	12	0.07692307692307693
ⲙⲙⲓⲛⲙⲙⲟⲛ	1	12	0.07692307692307693
ⲙⲙⲏⲏϣⲉ	1	12	0.07692307692307693
ⲙⲏⲏⲧⲉ	1	12	0.07692307692307693
ⲓⲥⲣⲁⲏⲗ	1	12	0.07692307692307693
ⲉⲧⲙⲟⲩϩ	1	12	0.07692307692307693
ⲉⲧⲃⲏⲏⲧⲛ	1	12	0.07692307692307693
ⲉⲡⲓⲑⲩⲙⲓⲁ	1	12	0.07692307692307693
ⲁⲛⲟⲙⲓⲁ	1	12	0.07692307692307693
ϭⲛⲧⲟⲩ	1	12	0.07692307692307693
ϫⲣⲟⲡ	1	12	0.07692307692307693
ϫⲓⲧⲟⲩ	1	12	0.07692307692307693
ϩⲙⲟⲧ	1	12	0.07692307692307693
ϩⲓⲏ	1	12	0.07692307692307693
ϩⲉⲑⲛⲟⲥ	1	12	0.07692307692307693
ϩⲁⲣⲟϥ	1	12	0.07692307692307693
ϩⲁⲙⲟⲓ	1	12	0.07692307692307693
ϥⲟⲩⲏϩ	1	12	0.07692307692307693
ϣⲱⲱⲧ	1	12	0.07692307692307693
ϣϣⲉ	1	12	0.07692307692307693
.........	1	12	0.07692307692307693
ⲉⲧⲉⲓⲣⲉ	3	38	0.07317073170731707
ⲉϫⲱⲟⲩ	3	38	0.07317073170731707
ⲩⲥⲟⲛ	1	13	0.07142857142857142
ⲩⲛⲟⲩ	1	13	0.07142857142857142
ⲩⲉⲓⲛⲉ	1	13	0.07142857142857142
ⲧⲱⲣⲡ	1	13	0.07142857142857142
ⲧⲉⲩϣⲏ	1	13	0.07142857142857142
ⲧⲉⲓⲙⲓⲛⲉ	1	13	0.07142857142857142
ⲧⲃⲃⲏⲩ	1	13	0.07142857142857142
ⲥⲓⲟⲩⲣ	1	13	0.07142857142857142
ⲣⲓⲣ	1	13	0.07142857142857142
ⲣϩⲛⲁⲩ	1	13	0.07142857142857142
ⲣϩⲙⲟⲧ	1	13	0.07142857142857142
ⲡⲱⲱⲛⲉ	1	13	0.07142857142857142
ⲡⲱϩ	1	13	0.07142857142857142
ⲡⲣⲉⲥⲃⲩⲧⲉⲣⲟⲥ	1	13	0.07142857142857142
ⲡⲗⲟⲅⲟⲥ	1	13	0.07142857142857142
ⲡⲗⲁⲛⲁ	1	13	0.07142857142857142
ⲡⲓⲥⲧⲟⲥ	1	13	0.07142857142857142
ⲡⲓⲥⲧⲉⲩⲉ	1	13	0.07142857142857142
ⲡⲓⲣⲁⲥⲙⲟⲥ	1	13	0.07142857142857142
ⲡⲉⲟⲟⲩ	1	13	0.07142857142857142
ⲡⲉⲛⲉⲓⲱⲧ	1	13	0.07142857142857142
ⲡⲉⲕϩⲏⲧ	1	13	0.07142857142857142
ⲡⲉϩⲟⲩⲟ	1	13	0.07142857142857142
ⲡⲉϥϩⲏⲧ	1	13	0.07142857142857142
ⲡⲁⲓⲇⲉⲩⲉ	1	13	0.07142857142857142
ⲡⲁⲅⲁⲑⲟⲛ	1	13	0.07142857142857142
ⲡϯⲙⲉ	1	13	0.07142857142857142
ⲡϫⲱϩⲙ	1	13	0.07142857142857142
ⲡϩⲙϩⲁⲗ	1	13	0.07142857142857142
ⲡϥⲛⲧ	1	13	0.07142857142857142
ⲟⲩⲱϩ	1	13	0.07142857142857142
ⲟⲩⲥⲟⲡ	1	13	0.07142857142857142
ⲟⲩⲕⲣⲟϥ	1	13	0.07142857142857142
ⲛⲧⲟⲥ	1	13	0.07142857142857142
ⲛⲥⲁϩⲟⲩ	1	13	0.07142857142857142
ⲛⲙⲙⲁⲕ	1	13	0.07142857142857142
ⲛⲕⲁ	1	13	0.07142857142857142
ⲛⲁⲧⲛⲟⲩⲧⲉ	1	13	0.07142857142857142
ⲛⲁⲕⲁⲑⲁⲣⲧⲟⲥ	1	13	0.07142857142857142
ⲛⲁϯϩⲏⲩ	1	13	0.07142857142857142
ⲛϫⲱϩⲙ	1	13	0.07142857142857142
ⲛϫⲁϫⲉ	1	13	0.07142857142857142
ⲛϩⲁⲧ	1	13	0.07142857142857142
ⲙⲛⲟⲩⲟⲛ	1	13	0.07142857142857142
ⲙⲛⲙⲏⲧ	1	13	0.07142857142857142
ⲙⲁⲑⲏⲧⲏⲥ	1	13	0.07142857142857142
ⲕⲱⲙϣ	1	13	0.07142857142857142
ⲕⲥⲱⲧⲙ	1	13	0.07142857142857142
ⲕⲁⲁⲩ	1	13	0.07142857142857142
ⲓϣⲁϫⲉ	1	13	0.07142857142857142
ⲑⲩⲥⲓⲁⲥⲧⲏⲣⲓⲟⲛ	1	13	0.07142857142857142
ⲉⲧⲧⲃⲃⲏⲩ	1	13	0.07142857142857142
ⲉⲧⲙⲟⲥⲧⲉ	1	13	0.07142857142857142
ⲉⲧⲙⲟⲟϣⲉ	1	13	0.07142857142857142
ⲉⲧⲉⲓⲛⲉ	1	13	0.07142857142857142
ⲉⲧϭⲛⲁⲣⲓⲕⲉ	1	13	0.07142857142857142
ⲉⲥⲟⲟⲩ	1	13	0.07142857142857142
ⲉϫⲓ	1	13	0.07142857142857142
ⲃⲱⲗ	1	13	0.07142857142857142
ⲃⲟⲗ	1	13	0.07142857142857142
ⲁⲕⲁⲑⲁⲣⲥⲓⲁ	1	13	0.07142857142857142
ⲁϣⲁⲓ	1	13	0.07142857142857142
ⲁϣⲁϩⲟⲙ	1	13	0.07142857142857142
ϯϫⲱ	1	13	0.07142857142857142
ϭⲗⲟⲙⲗⲙ	1	13	0.07142857142857142
ϫⲛⲟⲩϥ	1	13	0.07142857142857142
ϫⲓⲥⲉ	1	13	0.07142857142857142
ϫⲓϭⲟⲗ	1	13	0.07142857142857142
ϫⲏⲕ	1	13	0.07142857142857142
ϫⲁϩⲙ	1	13	0.07142857142857142
ϩⲟⲓⲧⲉ	1	13	0.07142857142857142
ϩⲓⲟⲩⲉ	1	13	0.07142857142857142
ϩⲉⲛⲙⲏⲏϣⲉ	1	13	0.07142857142857142
ϩⲉⲛⲙⲁ	1	13	0.07142857142857142
ϩⲁⲣⲟⲛ	1	13	0.07142857142857142
ϥⲛⲧ	1	13	0.07142857142857142
ϥⲓⲧϥ	1	13	0.07142857142857142
ϣⲧⲟⲣⲧⲣ	1	13	0.07142857142857142
ϣⲓⲏⲧ	1	13	0.07142857142857142
ϣⲓ	1	13	0.07142857142857142
ϣⲁⲣⲟϥ	1	13	0.07142857142857142
ϣϭⲙϭⲟⲙ	1	13	0.07142857142857142
ⲱⲛⲉ	1	14	0.06666666666666667
ⲧⲟⲩⲯⲩⲭⲏ	1	14	0.06666666666666667
ⲧⲁⲡⲣⲟ	1	14	0.06666666666666667
ⲥϣⲱⲡⲉ	1	14	0.06666666666666667
ⲣⲟⲉⲓⲥ	1	14	0.06666666666666667
ⲣⲟ	1	14	0.06666666666666667
ⲣϩⲟⲩⲟ	1	14	0.06666666666666667
ⲡⲉⲡⲣⲟⲫⲏⲧⲏⲥ	1	14	0.06666666666666667
ⲡⲉⲓⲱⲧ	1	14	0.06666666666666667
ⲡⲉϥⲥⲛⲟϥ	1	14	0.06666666666666667
ⲡⲁⲣⲁⲕⲁⲗⲉⲓ	1	14	0.06666666666666667
ⲡⲁϩⲟⲩ	1	14	0.06666666666666667
ⲡϭⲟⲗ	1	14	0.06666666666666667
ⲟⲩⲙⲉ	1	14	0.06666666666666667
ⲟⲩⲕⲟⲩⲓ	1	14	0.06666666666666667
ⲟⲩⲉⲓⲣⲉ	1	14	0.06666666666666667
ⲛⲟⲩⲟⲛ	1	14	0.06666666666666667
ⲛⲁⲧⲥⲱⲧⲙ	1	14	0.06666666666666667
ⲛϩⲏⲧⲥ	1	14	0.06666666666666667
ⲛϣⲱⲡⲉ	1	14	0.06666666666666667
ⲙⲛⲧⲉⲣⲟ	1	14	0.06666666666666667
ⲙⲛⲧϣⲁϥⲧⲉ	1	14	0.06666666666666667
ⲕⲧⲟ	1	14	0.06666666666666667
ⲑⲗⲓⲯⲓⲥ	1	14	0.06666666666666667
ⲉⲧⲃⲏⲏⲧϥ	1	14	0.06666666666666667
ⲇⲁⲓⲙⲱⲛ	1	14	0.06666666666666667
ⲁⲧⲥⲱⲧⲙ	1	14	0.06666666666666667
ⲁⲧⲥⲃⲱ	1	14	0.06666666666666667
ⲁⲓⲱⲛ	1	14	0.06666666666666667
ϯⲥⲟⲟⲩⲛ	1	14	0.06666666666666667
ϥⲉⲓⲣⲉ	1	14	0.06666666666666667
ϥϩⲁⲣⲉϩ	1	14	0.06666666666666667
ϥϣⲟⲟⲡ	1	14	0.06666666666666667
ϣⲟⲩⲉⲓⲧ	1	14	0.06666666666666667
ϣⲁⲣⲱⲧⲛ	1	14	0.06666666666666667
ⲭⲏⲣⲁ	1	15	0.0625
ⲩⲥⲟⲟⲩⲛ	1	15	0.0625
ⲩⲛⲁⲩ	1	15	0.0625
ⲩϣⲏ	1	15	0.0625
ⲧⲡⲟⲛⲏⲣⲓⲁ	1	15	0.0625
ⲧⲉⲩⲛⲟⲩ	1	15	0.0625
ⲧⲉⲧⲛⲛⲁⲩ	1	15	0.0625
ⲧⲁⲙⲓⲟⲛ	1	15	0.0625
ⲧⲁⲙⲓⲟ	1	15	0.0625
ⲥⲱⲃⲉ	1	15	0.0625
ⲣⲟⲩ	1	15	0.0625
ⲡⲣⲱϣⲉ	1	15	0.0625
ⲡⲣⲟ	1	15	0.0625
ⲡⲟⲉⲓⲕ	1	15	0.0625
ⲡⲉⲕⲏⲓ	1	15	0.0625
ⲡⲉϥϣⲏⲣⲉ	1	15	0.0625
ⲡⲁⲡⲟⲗⲗⲱⲛ	1	15	0.0625
ⲡϫⲓⲛϫⲏ	1	15	0.0625
ⲟⲩⲟⲓ	1	15	0.0625
ⲟⲩϣⲏⲣⲉ	1	15	0.0625
ⲛⲥⲱⲱϥ	1	15	0.0625
ⲛⲟⲉⲓ	1	15	0.0625
ⲛⲕⲁⲕⲉ	1	15	0.0625
ⲛⲉⲛⲛⲟⲃⲉ	1	15	0.0625
ⲛⲉⲓⲣⲉ	1	15	0.0625
ⲛⲉϥϩⲃⲏⲩⲉ	1	15	0.0625
ⲛⲁⲛⲁⲅⲕⲁⲓⲟⲛ	1	15	0.0625
ⲛϣⲓⲛⲉ	1	15	0.0625
ⲙⲟⲩϩ	1	15	0.0625
ⲙⲟⲕϩ	1	15	0.0625
ⲙⲛⲧϫⲁϫⲉ	1	15	0.0625
ⲙⲉϣⲁⲕ	1	15	0.0625
ⲙⲁⲩⲁⲁⲩ	1	15	0.0625
ⲕⲓⲙ	1	15	0.0625
ⲕⲁⲕⲓⲁ	1	15	0.0625
ⲑⲩⲥⲓⲁ	1	15	0.0625
ⲑⲗⲓⲃⲉ	1	15	0.0625
ⲉⲧⲥⲱⲧⲙ	1	15	0.0625
ⲉⲧⲣϩⲟⲧⲉ	1	15	0.0625
ⲉⲧϣⲁϫⲉ	1	15	0.0625
ⲉⲡⲁϩⲟⲩ	1	15	0.0625
ⲇⲓⲕⲁⲓⲱⲙⲁ	1	15	0.0625
ⲁⲣⲛⲁ	1	15	0.0625
ⲁⲡⲟⲗⲗⲱⲛ	1	15	0.0625
ⲁⲡⲁⲧⲁ	1	15	0.0625
ⲁⲑⲉⲧⲓ	1	15	0.0625
ϯⲧⲱⲛ	1	15	0.0625
ϯⲟⲥⲉ	1	15	0.0625
ϯϩⲓⲥⲉ	1	15	0.0625
ϭⲉⲣⲱⲃ	1	15	0.0625
ϫⲟⲓⲥ	1	15	0.0625
ϫⲓⲛϭⲟⲛⲥ	1	15	0.0625
ϫⲓϫⲱⲓ	1	15	0.0625
ϫⲉⲡⲁⲓ	1	15	0.0625
ϫⲉⲉϣⲱⲡⲉ	1	15	0.0625
ϩⲛⲟ	1	15	0.0625
ϩⲛϩⲁϩ	1	15	0.0625
ϩⲉⲛϣⲉⲉⲣⲉ	1	15	0.0625
ϥϯϩⲏⲩ	1	15	0.0625
ϥϥⲓ	1	15	0.0625
ϥϣⲁϫⲉ	1	15	0.0625
ϣⲟϫⲛⲉ	1	15	0.0625
..........	1	15	0.0625
ⲧⲉⲩⲙⲏⲧⲉ	1	16	0.058823529411764705
ⲥⲱ	1	16	0.058823529411764705
ⲥⲉⲓ	1	16	0.058823529411764705
ⲣⲓⲙⲉ	1	16	0.058823529411764705
ⲣⲉϥϫⲓⲟⲩⲉ	1	16	0.058823529411764705
ⲡⲱⲣϫ	1	16	0.058823529411764705
ⲡⲛⲟϭ	1	16	0.058823529411764705
ⲡⲙⲧⲟ	1	16	0.058823529411764705
ⲡⲓⲉⲣⲟ	1	16	0.058823529411764705
ⲡⲁϩⲏⲧ	1	16	0.058823529411764705
ⲡϫⲁϫⲉ	1	16	0.058823529411764705
ⲡϣⲏⲣⲉ	1	16	0.058823529411764705
ⲟⲩϩⲱⲃ	1	16	0.058823529411764705
ⲛⲥⲱϥ	1	16	0.058823529411764705
ⲛⲥⲟⲡ	1	16	0.058823529411764705
ⲛⲛⲕⲟⲧⲕ	1	16	0.058823529411764705
ⲛⲙⲙⲁϥ	1	16	0.058823529411764705
ⲛⲕⲣⲟϥ	1	16	0.058823529411764705
ⲛⲉⲓϩⲃⲏⲩⲉ	1	16	0.058823529411764705
ⲓⲉⲣⲟ	1	16	0.058823529411764705
ⲉⲣⲟⲥ	1	16	0.058823529411764705
ⲁⲁⲥ	1	16	0.058823529411764705
%…	1	16	0.058823529411764705
ϭⲱϣⲧ	1	16	0.058823529411764705
ϩⲉⲛⲛⲟϭ	1	16	0.058823529411764705
ϣⲏⲛ	1	16	0.058823529411764705
.....	1	16	0.058823529411764705
ⲕⲱ	3	50	0.05660377358490566
ⲧⲛⲧⲱⲛ	1	17	0.05555555555555555
ⲧⲏⲣⲛ	1	17	0.05555555555555555
ⲧⲉϥⲯⲩⲭⲏ	1	17	0.05555555555555555
ⲥⲭⲏⲙⲁ	1	17	0.05555555555555555
ⲥⲧⲣⲁⲧⲏⲗⲁⲧⲏⲥ	1	17	0.05555555555555555
ⲥⲁⲣⲝ	1	17	0.05555555555555555
ⲣⲱϣⲉ	1	17	0.05555555555555555
ⲣⲉϥⲣⲛⲟⲃⲉ	1	17	0.05555555555555555
ⲣϩⲙϩⲁⲗ	1	17	0.05555555555555555
ⲡⲉⲩⲣⲟⲟⲩϣ	1	17	0.05555555555555555
ⲡⲉⲥⲙⲟⲧ	1	17	0.05555555555555555
ⲡⲉⲟⲩⲟⲉⲓϣ	1	17	0.05555555555555555
ⲟⲩⲱⲛϩ	1	17	0.05555555555555555
ⲟⲩⲉϩⲥⲁϩⲛⲉ	1	17	0.05555555555555555
ⲟⲩϭⲱⲛⲧ	1	17	0.05555555555555555
ⲛⲁⲥⲱⲧⲙ	1	17	0.05555555555555555
ⲛϩⲣⲁⲓ	1	17	0.05555555555555555
ⲛϩⲉⲗⲗⲏⲛ	1	17	0.05555555555555555
ⲛϣⲉ	1	17	0.05555555555555555
ⲙⲟⲛⲁⲭⲟⲥ	1	17	0.05555555555555555
ⲉⲧⲟⲛϩ	1	17	0.05555555555555555
ⲉⲕⲕⲗⲏⲥⲓⲁ	1	17	0.05555555555555555
ⲉⲉⲓⲙⲉ	1	17	0.05555555555555555
ⲇⲓⲟⲕⲗⲏϯⲁⲛⲟⲥ	1	17	0.05555555555555555
ⲁⲛⲁⲅⲕⲁⲓⲟⲛ	1	17	0.05555555555555555
ⲁⲕⲁⲑⲁⲣⲧⲟⲛ	1	17	0.05555555555555555
ⲁⲅⲁⲑⲟⲥ	1	17	0.05555555555555555
ϯⲙⲉ	1	17	0.05555555555555555
ϯϩⲁⲡ	1	17	0.05555555555555555
ϭⲛⲁⲣⲓⲕⲉ	1	17	0.05555555555555555
ϫⲓⲧϥ	1	17	0.05555555555555555
ϫⲓⲛϫⲏ	1	17	0.05555555555555555
ϫⲏ	1	17	0.05555555555555555
ϫⲉⲁⲛⲟⲕ	1	17	0.05555555555555555
ϩⲟⲧⲉ	1	17	0.05555555555555555
ϩⲟⲙⲟⲗⲟⲅⲉⲓ	1	17	0.05555555555555555
ϩⲛϩⲱⲃ	1	17	0.05555555555555555
ϩⲏⲏⲧⲉ	1	17	0.05555555555555555
ϩⲏ	1	17	0.05555555555555555
ϥⲥⲱⲧⲙ	1	17	0.05555555555555555
ϥϯⲉⲟⲟⲩ	1	17	0.05555555555555555
ϥϩⲟⲟⲩ	1	17	0.05555555555555555
	1	17	0.05555555555555555
%ϥ	126	2149	0.055384615384615386
ⲧⲉⲯⲩⲭⲏ	1	18	0.05263157894736842
ⲧⲁⲉⲓⲏⲩ	1	18	0.05263157894736842
ⲡⲉϥⲉⲓⲱⲧ	1	18	0.05263157894736842
ⲡϣⲓⲡⲉ	1	18	0.05263157894736842
ⲟⲩⲏⲏⲃ	1	18	0.05263157894736842
ⲛⲟⲩⲏⲣ	1	18	0.05263157894736842
ⲛⲉⲛϩⲃⲏⲩⲉ	1	18	0.05263157894736842
ⲙⲛϩⲱⲃ	1	18	0.05263157894736842
ⲙⲉⲧⲁⲛⲟⲉⲓ	1	18	0.05263157894736842
ⲏⲉⲓ	1	18	0.05263157894736842
ⲉⲧⲙⲟⲟⲩⲧ	1	18	0.05263157894736842
ⲉⲡⲓⲥⲧⲟⲗⲏ	1	18	0.05263157894736842
ⲉⲛⲧⲟⲗⲏ	1	18	0.05263157894736842
ⲉϫⲱⲛ	1	18	0.05263157894736842
ⲇⲓⲕⲁⲓⲟⲥⲩⲛⲏ	1	18	0.05263157894736842
ⲁⲧⲛⲟⲩⲧⲉ	1	18	0.05263157894736842
%—	1	18	0.05263157894736842
ϭⲟⲛⲥ	1	18	0.05263157894736842
ϫⲟⲟϥ	1	18	0.05263157894736842
ϩⲱⲥ	1	18	0.05263157894736842
ϩⲱⲃⲥ	1	18	0.05263157894736842
ϥⲟ	1	18	0.05263157894736842
ϭⲉ	5	94	0.050505050505050504
ⲩⲥⲱⲧⲙ	1	19	0.05
ⲩϣⲁϫⲉ	1	19	0.05
ⲧⲛⲛⲟⲟⲩ	1	19	0.05
ⲥⲟⲧⲡ	1	19	0.05
ⲣⲓ	1	19	0.05
ⲡⲣⲡⲉ	1	19	0.05
ⲡⲣⲁⲝⲓⲥ	1	19	0.05
ⲡⲟⲩⲟⲉⲓⲛ	1	19	0.05
ⲡⲛⲟⲃⲉ	1	19	0.05
ⲡⲙⲉⲉⲩⲉ	1	19	0.05
ⲡⲏⲧ	1	19	0.05
ⲛⲟⲩϫ	1	19	0.05
ⲛⲕⲟⲟⲩⲉ	1	19	0.05
ⲛⲁⲛⲟⲩⲟⲩ	1	19	0.05
ⲛϭⲟⲛⲥ	1	19	0.05
ⲛϩⲏⲕⲉ	1	19	0.05
ⲙⲛⲧⲛⲟϭ	1	19	0.05
ⲙⲛⲧϫⲁⲥⲓϩⲏⲧ	1	19	0.05
ⲑⲩⲥⲓⲁⲍⲉ	1	19	0.05
ⲉⲧⲉⲡⲁⲓ	1	19	0.05
ⲉⲧⲉⲛⲟⲩ	1	19	0.05
ⲉⲓⲣⲏⲛⲏ	1	19	0.05
ⲉⲑⲟⲟⲩ	1	19	0.05
ⲁⲛⲁⲩ	1	19	0.05
ϭⲟⲟⲗⲉ	1	19	0.05
ϭⲁⲗⲱⲟⲩ	1	19	0.05
ϫⲓⲕⲃⲁ	1	19	0.05
ϫⲉⲃⲱⲕ	1	19	0.05
ϩⲉⲛϩⲛⲁⲁⲩ	1	19	0.05
ϣⲙϣⲉ	1	19	0.05
........	1	19	0.05
% 	1	19	0.05
%ⲱ	1	20	0.047619047619047616
ⲡⲥⲱⲛⲧ	1	20	0.047619047619047616
ⲡⲉⲑⲃⲃⲓⲟ	1	20	0.047619047619047616
ⲡⲉϥϩⲟ	1	20	0.047619047619047616
ⲡⲁⲉⲓⲱⲧ	1	20	0.047619047619047616
ⲟⲩⲱϣⲃ	1	20	0.047619047619047616
ⲟⲩⲏⲣ	1	20	0.047619047619047616
ⲟⲩϣⲁϫⲉ	1	20	0.047619047619047616
ⲛⲗⲁⲟⲥ	1	20	0.047619047619047616
ⲛⲁϣⲱⲟⲩ	1	20	0.047619047619047616
ⲛϩⲓⲥⲉ	1	20	0.047619047619047616
ⲙⲟⲟⲩⲧ	1	20	0.047619047619047616
ⲕⲗⲏⲣⲟⲛⲟⲙⲉⲓ	1	20	0.047619047619047616
ⲓⲟⲩⲇⲁⲥ	1	20	0.047619047619047616
ϩⲱⲟⲩ	1	20	0.047619047619047616
ϩⲩⲡⲟⲕⲣⲓⲥⲓⲥ	1	20	0.047619047619047616
ϩⲓⲱⲱϥ	1	20	0.047619047619047616
ϣⲟⲙⲛⲧ	1	20	0.047619047619047616
ⲩϥⲓ	1	21	0.045454545454545456
ⲥⲙⲏ	1	21	0.045454545454545456
ⲥⲃⲱ	1	21	0.045454545454545456
ⲣⲟⲙⲡⲉ	1	21	0.045454545454545456
ⲣϣⲁⲩ	1	21	0.045454545454545456
ⲡⲟⲟⲩ	1	21	0.045454545454545456
ⲡⲉⲭⲣⲓⲥⲧⲟⲥ	1	21	0.045454545454545456
ⲡⲉⲥⲏⲧ	1	21	0.045454545454545456
ⲡⲉϥⲥⲟⲛ	1	21	0.045454545454545456
ⲛⲣⲟⲙⲡⲉ	1	21	0.045454545454545456
ⲛⲛⲟⲩϫ	1	21	0.045454545454545456
ⲛⲁⲡⲁ	1	21	0.045454545454545456
ⲛϭⲓϫ	1	21	0.045454545454545456
ⲙⲡⲟⲛⲏⲣⲟⲥ	1	21	0.045454545454545456
ⲙⲛϭⲟⲙ	1	21	0.045454545454545456
ⲙⲏⲧ	1	21	0.045454545454545456
ⲗⲟⲅⲟⲥ	1	21	0.045454545454545456
ⲕⲉⲟⲩⲁ	1	21	0.045454545454545456
ⲏⲣⲡ	1	21	0.045454545454545456
ⲉⲥⲏⲧ	1	21	0.045454545454545456
ϭⲱⲗⲡ	1	21	0.045454545454545456
ϩⲱⲱⲕ	1	21	0.045454545454545456
ϩⲉⲛⲡⲟⲛⲏⲣⲟⲛ	1	21	0.045454545454545456
ϥⲣϩⲟⲧⲉ	1	21	0.045454545454545456
ⲙⲁ	9	193	0.04455445544554455
ⲧⲏⲣⲥ	1	22	0.043478260869565216
ⲣⲱ	1	22	0.043478260869565216
ⲛⲛⲟⲩⲧⲉ	1	22	0.043478260869565216
ⲛⲛⲟⲩⲃ	1	22	0.043478260869565216
ⲛⲉⲓϣⲁϫⲉ	1	22	0.043478260869565216
ⲛⲁⲛⲁⲩ	1	22	0.043478260869565216
ⲛⲁⲅⲅⲉⲗⲟⲥ	1	22	0.043478260869565216
ⲛϩⲟⲟⲩ	1	22	0.043478260869565216
ⲉⲧⲉⲛⲁⲓ	1	22	0.043478260869565216
ⲉⲣⲱⲧⲛ	1	22	0.043478260869565216
ⲉⲣⲏⲧ	1	22	0.043478260869565216
ⲉⲗⲁⲁⲩ	1	22	0.043478260869565216
ⲁⲙⲛⲧⲉ	1	22	0.043478260869565216
ϭⲱ	1	22	0.043478260869565216
ϫⲡⲟ	1	22	0.043478260869565216
ϩⲏⲕⲉ	1	22	0.043478260869565216
ϩⲉⲗⲗⲏⲛ	1	22	0.043478260869565216
ϣⲡϩⲓⲥⲉ	1	22	0.043478260869565216
ϣⲙⲙⲟ	1	22	0.043478260869565216
ϣⲁⲉⲛⲉϩ	1	22	0.043478260869565216
ϫⲓ	4	91	0.042105263157894736
ⲧⲟⲟⲧⲟⲩ	1	23	0.041666666666666664
ⲡⲥⲱⲙⲁ	1	23	0.041666666666666664
ⲡⲟⲩϩⲏⲧ	1	23	0.041666666666666664
ⲡⲛⲉⲩⲙⲁ	1	23	0.041666666666666664
ⲡⲕⲱϩⲧ	1	23	0.041666666666666664
ⲟⲩⲱⲛ	1	23	0.041666666666666664
ⲟⲩⲟⲉⲓⲛ	1	23	0.041666666666666664
ⲙⲛⲧⲛⲟⲩⲧⲉ	1	23	0.041666666666666664
ⲙⲛⲧϣⲁⲛϩⲧⲏϥ	1	23	0.041666666666666664
ⲕⲟⲩⲱϣ	1	23	0.041666666666666664
ⲉϣϣⲉ	1	23	0.041666666666666664
ϫⲱⲱⲙⲉ	1	23	0.041666666666666664
ϩⲛⲁⲩ	1	23	0.041666666666666664
ϩⲛⲁⲙⲛⲧⲉ	1	23	0.041666666666666664
ⲛⲁⲛ	3	71	0.04054054054054054
ⲉϣϫⲉ	3	71	0.04054054054054054
ⲥⲩⲛⲁⲅⲱⲅⲏ	1	24	0.04
ⲡⲉⲭⲥ	1	24	0.04
ⲡϩⲁⲡ	1	24	0.04
ⲛⲥⲱⲟⲩ	1	24	0.04
ⲛⲟⲉⲓⲕ	1	24	0.04
ⲏⲡ	1	24	0.04
ⲉϫⲱϥ	1	24	0.04
ⲁⲅⲁⲡⲏ	1	24	0.04
ⲁⲃⲣⲁϩⲁⲙ	1	24	0.04
ϩⲛⲛⲁⲓ	1	24	0.04
ϣⲃⲏⲣ	1	24	0.04
ϣⲉ	3	73	0.039473684210526314
ⲛⲣⲱⲙⲉ	5	123	0.0390625
ⲟⲩⲧⲉ	1	25	0.038461538461538464
ⲟⲩⲉⲣⲏⲧⲉ	1	25	0.038461538461538464
ⲛⲙⲙⲉ	1	25	0.038461538461538464
ⲛⲉⲩϩⲃⲏⲩⲉ	1	25	0.038461538461538464
ⲛⲁⲣⲭⲁⲓⲟⲥ	1	25	0.038461538461538464
ⲙⲙⲉ	1	25	0.038461538461538464
ⲙⲏ	1	25	0.038461538461538464
ⲙⲁⲗⲓⲥⲧⲁ	1	25	0.038461538461538464
ⲉⲧϫⲱ	1	25	0.038461538461538464
ⲁⲣⲭⲁⲓⲟⲥ	1	25	0.038461538461538464
ϫⲡⲓⲟ	1	25	0.038461538461538464
ϩⲱⲡ	1	25	0.038461538461538464
ϩⲟⲓⲛⲉ	1	25	0.038461538461538464
ϩⲓⲧⲟⲩⲱϥ	1	25	0.038461538461538464
ϩⲏⲃⲥ	1	25	0.038461538461538464
ϩⲁⲧⲛⲧⲏⲩⲧⲛ	1	25	0.038461538461538464
ϥϣⲗⲏⲗ	1	25	0.038461538461538464
....	1	25	0.038461538461538464
...	1	25	0.038461538461538464
ⲟⲛϩ	1	26	0.037037037037037035
ⲛⲧⲟⲡⲟⲥ	1	26	0.037037037037037035
ⲛⲛⲟⲃⲉ	1	26	0.037037037037037035
ⲛⲁⲃⲱⲕ	1	26	0.037037037037037035
ⲙⲙⲱⲧⲛ	1	26	0.037037037037037035
ⲉⲧⲉϣϣⲉ	1	26	0.037037037037037035
ϫⲉⲛⲓⲙ	1	26	0.037037037037037035
ϩⲙⲟⲟⲥ	1	26	0.037037037037037035
ⲩϫⲱ	1	27	0.03571428571428571
ⲥⲱⲛⲧ	1	27	0.03571428571428571
ⲥⲛⲟϥ	1	27	0.03571428571428571
ⲣⲡⲉ	1	27	0.03571428571428571
ⲣϩⲱⲃ	1	27	0.03571428571428571
ⲡⲟⲛⲏⲣⲓⲁ	1	27	0.03571428571428571
ⲡⲙⲟⲩ	1	27	0.03571428571428571
ⲡⲁⲣⲑⲉⲛⲟⲥ	1	27	0.03571428571428571
ⲟⲩⲛⲣⲱⲙⲉ	1	27	0.03571428571428571
ⲛⲁⲥ	1	27	0.03571428571428571
ⲛϭⲓⲁⲡⲁ	1	27	0.03571428571428571
ⲙⲟⲩⲧⲉ	1	27	0.03571428571428571
ⲙⲕⲁϩ	1	27	0.03571428571428571
ⲇⲓⲕⲁⲓⲟⲥ	1	27	0.03571428571428571
ⲁⲕⲁⲑⲁⲣⲧⲟⲥ	1	27	0.03571428571428571
ⲁⲅⲁⲑⲟⲛ	1	27	0.03571428571428571
ϫⲱⲕ	1	27	0.03571428571428571
ⲭⲣⲏⲙⲁ	1	28	0.034482758620689655
ⲧⲱⲟⲩⲛ	1	28	0.034482758620689655
ⲡⲉⲩϩⲏⲧ	1	28	0.034482758620689655
ⲟⲩⲥⲟⲛ	1	28	0.034482758620689655
ⲛⲙⲙⲁⲓ	1	28	0.034482758620689655
ⲛϩⲱⲃ	1	28	0.034482758620689655
ⲛϩⲗⲗⲟ	1	28	0.034482758620689655
ⲛϩⲁϩ	1	28	0.034482758620689655
ⲉⲧϣⲟⲟⲡ	1	28	0.034482758620689655
ⲁⲙⲁϩⲧⲉ	1	28	0.034482758620689655
ϭⲙϭⲟⲙ	1	28	0.034482758620689655
ⲭⲣⲓⲥⲧⲟⲥ	1	29	0.03333333333333333
ⲥⲟⲩⲧⲱⲛ	1	29	0.03333333333333333
ⲟⲩⲱϣⲧ	1	29	0.03333333333333333
ⲛⲉⲛⲉⲓⲟⲧⲉ	1	29	0.03333333333333333
ⲙⲡⲟⲛⲏⲣⲟⲛ	1	29	0.03333333333333333
ⲕⲱϩ	1	29	0.03333333333333333
ⲕⲟⲥⲙⲟⲥ	1	29	0.03333333333333333
ⲕⲁⲛ	1	29	0.03333333333333333
ⲁⲡⲟⲧⲁⲥⲥⲉ	1	29	0.03333333333333333
ⲭⲥ	1	30	0.03225806451612903
ⲡⲱⲧ	1	30	0.03225806451612903
ⲡⲏⲩⲉ	1	30	0.03225806451612903
ⲛⲇⲓⲕⲁⲓⲟⲥ	1	30	0.03225806451612903
ⲉⲧϩⲟⲟⲩ	1	30	0.03225806451612903
ϩⲱⲥⲧⲉ	1	30	0.03225806451612903
ⲧⲁⲁϥ	1	31	0.03125
ⲡⲟⲛⲏⲣⲟⲥ	1	31	0.03125
ⲡⲛⲁ	1	31	0.03125
ⲡⲕⲟⲥⲙⲟⲥ	1	31	0.03125
ⲡⲉⲙⲧⲟ	1	31	0.03125
ⲛⲉϩⲃⲏⲩⲉ	1	31	0.03125
ⲛϫⲓⲟⲩⲉ	1	31	0.03125
ⲙⲉϩ	1	31	0.03125
ⲕⲟⲩⲓ	1	31	0.03125
ϥϫⲓ	1	31	0.03125
ⲡⲉⲕⲣⲁⲛ	1	32	0.030303030303030304
ⲙⲏⲏϣⲉ	1	32	0.030303030303030304
ⲡⲣⲁⲛ	1	33	0.029411764705882353
ⲡⲉⲛϫⲟⲉⲓⲥ	1	33	0.029411764705882353
ⲛⲟⲩⲃ	1	33	0.029411764705882353
ⲙⲧⲟⲛ	1	33	0.029411764705882353
ⲙⲡⲏⲩⲉ	1	33	0.029411764705882353
ⲕⲱⲧⲉ	1	33	0.029411764705882353
ⲓⲁⲕⲱⲃ	1	33	0.029411764705882353
ⲉⲓⲙⲏⲧⲓ	1	33	0.029411764705882353
ϩⲉⲛϩⲃⲏⲩⲉ	1	33	0.029411764705882353
ϥⲟⲩⲱϣ	1	33	0.029411764705882353
ϣⲱⲛⲉ	1	33	0.029411764705882353
ϥⲓ	3	100	0.02912621359223301
ⲙⲙⲟⲕ	1	34	0.02857142857142857
ⲗⲁⲟⲥ	1	34	0.02857142857142857
ⲉⲣⲟⲓ	1	34	0.02857142857142857
ⲁⲛⲁⲅⲕⲏ	1	34	0.02857142857142857
ⲁⲁϥ	1	34	0.02857142857142857
ⲩⲉⲓ	1	35	0.027777777777777776
ⲧⲡⲉ	1	35	0.027777777777777776
ⲧⲟⲣⲅⲏ	1	35	0.027777777777777776
ⲥⲛⲁⲩ	1	35	0.027777777777777776
ⲣⲁϣⲉ	1	35	0.027777777777777776
ⲙⲟⲟⲩ	1	35	0.027777777777777776
ϫⲱϩⲙ	1	35	0.027777777777777776
ϩⲟⲟⲩⲧ	1	35	0.027777777777777776
ϥϣⲱⲡⲉ	1	35	0.027777777777777776
ⲡⲣⲱⲙⲉ	3	106	0.027522935779816515
ⲡⲉϩⲟⲟⲩ	1	36	0.02702702702702703
ⲡϣⲁϫⲉ	1	36	0.02702702702702703
ⲛⲙⲙⲁⲩ	1	36	0.02702702702702703
ⲕⲱϩⲧ	1	36	0.02702702702702703
ϥⲥϩⲟⲩⲟⲣⲧ	1	36	0.02702702702702703
ⲧⲱⲛ	1	37	0.02631578947368421
ⲧⲙⲏⲧⲉ	1	37	0.02631578947368421
ⲡⲇⲓⲁⲃⲟⲗⲟⲥ	1	37	0.02631578947368421
ⲡϣⲉ	1	37	0.02631578947368421
ⲙⲡϣⲁ	1	37	0.02631578947368421
ⲙⲁⲩⲁⲁϥ	1	37	0.02631578947368421
ϩⲱⲱⲛ	1	37	0.02631578947368421
ϥⲓⲧⲟⲩ	1	37	0.02631578947368421
ⲥⲱⲱϥ	1	38	0.02564102564102564
ⲛⲧⲟⲟⲩ	1	38	0.02564102564102564
ⲛⲟⲩⲟⲉⲓϣ	1	38	0.02564102564102564
ⲙⲙⲁⲧⲉ	1	38	0.02564102564102564
ⲉⲟⲟⲩ	1	38	0.02564102564102564
ϭⲟⲗ	1	38	0.02564102564102564
ⲡⲟⲩⲁ	1	39	0.025
ⲡⲉⲓⲙⲁ	1	39	0.025
ⲛϩⲉ	1	39	0.025
ⲕⲣⲟϥ	1	39	0.025
ⲇⲓⲁⲃⲟⲗⲟⲥ	1	39	0.025
ⲧⲃⲃⲟ	1	40	0.024390243902439025
ⲣⲟⲟⲩϣ	1	40	0.024390243902439025
ⲛⲉⲩⲉⲣⲏⲩ	1	40	0.024390243902439025
ⲛⲉⲥⲛⲏⲩ	1	40	0.024390243902439025
ⲃⲁⲗ	1	40	0.024390243902439025
ϩⲛⲁⲁⲩ	1	40	0.024390243902439025
ϣⲓⲛⲉ	1	40	0.024390243902439025
ϩⲣⲁⲓ	3	121	0.024193548387096774
ⲱϣ	1	41	0.023809523809523808
ⲧⲙⲉ	1	41	0.023809523809523808
ⲟⲩⲏϩ	1	41	0.023809523809523808
ⲛⲁⲡⲟⲥⲧⲟⲗⲟⲥ	1	41	0.023809523809523808
ⲛⲁϣⲱⲡⲉ	1	41	0.023809523809523808
ⲙⲟⲟϣⲉ	1	41	0.023809523809523808
ⲉⲣⲟⲕ	1	41	0.023809523809523808
ϩⲟ	1	41	0.023809523809523808
ϣⲏⲙ	1	41	0.023809523809523808
ⲥⲁⲧⲁⲛⲁⲥ	1	42	0.023255813953488372
ⲡⲥⲁⲧⲁⲛⲁⲥ	1	42	0.023255813953488372
ⲛⲧⲟⲕ	1	42	0.023255813953488372
ⲛⲕⲟⲧⲕ	1	42	0.023255813953488372
ⲥⲟⲡ	1	43	0.022727272727272728
ⲟⲟⲩ	1	43	0.022727272727272728
ϩⲏⲧϥ	1	43	0.022727272727272728
ⲱⲛϩ	1	44	0.022222222222222223
ⲟⲉⲓⲕ	1	44	0.022222222222222223
ⲛⲟⲩⲱⲧ	1	44	0.022222222222222223
ⲛⲏⲩ	1	44	0.022222222222222223
ϣⲉⲉⲣⲉ	1	44	0.022222222222222223
ⲡⲥⲟⲛ	1	45	0.021739130434782608
ⲛⲧⲱⲧⲛ	1	45	0.021739130434782608
ⲛⲛⲁⲓ	1	45	0.021739130434782608
ϯⲥⲃⲱ	1	45	0.021739130434782608
ⲧⲁⲁⲩ	1	46	0.02127659574468085
ⲥⲙⲟⲧ	1	46	0.02127659574468085
ⲟⲩⲱⲧ	1	46	0.02127659574468085
ⲛⲁⲛⲟⲩϥ	1	46	0.02127659574468085
ⲙⲓⲛⲉ	1	46	0.02127659574468085
ⲙⲁⲁⲩ	1	46	0.02127659574468085
ⲕⲁⲕⲉ	1	46	0.02127659574468085
ⲁϣ	1	46	0.02127659574468085
ⲟⲩϩⲗⲗⲟ	1	47	0.020833333333333332
ⲛⲉⲡⲣⲟⲫⲏⲧⲏⲥ	1	47	0.020833333333333332
ϩⲉⲛⲕⲟⲟⲩⲉ	1	47	0.020833333333333332
ⲥⲁϩⲟⲩ	1	48	0.02040816326530612
ⲛⲉⲅⲣⲁⲫⲏ	1	48	0.02040816326530612
ⲙⲟⲥⲧⲉ	1	48	0.02040816326530612
ⲉⲓⲛⲉ	1	48	0.02040816326530612
ⲁⲡⲟⲥⲧⲟⲗⲟⲥ	1	48	0.02040816326530612
ϯⲉⲟⲟⲩ	1	48	0.02040816326530612
ϩⲉⲛϣⲏⲣⲉ	1	48	0.02040816326530612
ⲙⲧⲟ	1	49	0.02
ⲁⲛⲟⲕ	1	49	0.02
ϩⲉⲛⲣⲱⲙⲉ	1	49	0.02
ⲥϩⲓⲙⲉ	1	50	0.0196078431372549
ⲡⲉⲥⳁⲟⲥ	1	50	0.0196078431372549
ⲡⲉⲥⲧⲁⲩⲣⲟⲥ	1	50	0.0196078431372549
ⲁⲅⲅⲉⲗⲟⲥ	1	50	0.0196078431372549
ⲩϣⲱⲡⲉ	1	51	0.019230769230769232
ⲥⲙⲟⲩ	1	51	0.019230769230769232
ⲛⲧⲟ	1	51	0.019230769230769232
ϯϩⲏⲩ	1	51	0.019230769230769232
ϥϫⲱ	1	51	0.019230769230769232
ⲧⲟⲡⲟⲥ	1	52	0.018867924528301886
ⲟⲩϫⲁⲓ	1	52	0.018867924528301886
ⲛϩⲟⲩⲟ	1	52	0.018867924528301886
ⲛϣⲁϫⲉ	1	52	0.018867924528301886
ϥⲉⲓ	1	52	0.018867924528301886
ⲟⲩⲣⲱⲙⲉ	1	53	0.018518518518518517
ⲟⲩⲇⲉ	1	53	0.018518518518518517
ⲙⲓϣⲉ	1	53	0.018518518518518517
ⲉⲛⲉϩ	1	53	0.018518518518518517
ϥⲛⲁⲩ	1	53	0.018518518518518517
ⲥϩⲟⲩⲟⲣⲧ	1	54	0.01818181818181818
ⲥⳁⲟⲥ	1	55	0.017857142857142856
ⲥⲧⲁⲩⲣⲟⲥ	1	55	0.017857142857142856
ⲡⲛⲁⲩ	1	55	0.017857142857142856
ⲟⲣⲅⲏ	1	55	0.017857142857142856
ⲛϩⲏⲧⲛ	1	55	0.017857142857142856
ϥⲃⲱⲕ	1	55	0.017857142857142856
ⲙⲏⲧⲉ	1	56	0.017543859649122806
ϫⲓⲟⲩⲉ	1	56	0.017543859649122806
ϣⲓⲡⲉ	1	57	0.017241379310344827
ⲟⲩⲱⲙ	1	58	0.01694915254237288
ϭⲟⲙ	1	58	0.01694915254237288
ϭⲱⲛⲧ	1	59	0.016666666666666666
ϫⲁϫⲉ	1	59	0.016666666666666666
%ⲥ	13	770	0.016602809706257982
ⲡⲏⲓ	1	60	0.01639344262295082
ⲉⲓⲙⲉ	1	60	0.01639344262295082
ⲥⲱⲙⲁ	1	62	0.015873015873015872
ⲡⲙⲁ	1	62	0.015873015873015872
ⲅⲣⲁⲫⲏ	1	62	0.015873015873015872
ϩⲁⲣⲉϩ	1	62	0.015873015873015872
ⲓⲏⲥⲟⲩⲥ	1	64	0.015384615384615385
----	1	65	0.015151515151515152
ⲣⲛⲟⲃⲉ	1	66	0.014925373134328358
ⲡⲣⲣⲟ	1	66	0.014925373134328358
·ⲻ	1	66	0.014925373134328358
ⲙⲙⲟⲛ	1	69	0.014285714285714285
ⲥⲛⲏⲩ	1	70	0.014084507042253521
ⲟⲩⲟⲉⲓϣ	1	70	0.014084507042253521
ⲛϩⲏⲧϥ	1	70	0.014084507042253521
ϣⲟⲣⲡ	1	70	0.014084507042253521
ⲛⲁⲕ	1	71	0.013888888888888888
ⲉⲓⲟⲧⲉ	1	71	0.013888888888888888
%⳾	1	72	0.0136986301369863
ⲣϩⲟⲧⲉ	1	72	0.0136986301369863
ⲛϣⲟⲣⲡ	1	72	0.0136986301369863
ⲁⲛⲟⲛ	1	72	0.0136986301369863
ϭⲓϫ	1	72	0.0136986301369863
ϩⲓⲥⲉ	1	72	0.0136986301369863
ϣⲁϩⲣⲁⲓ	1	72	0.0136986301369863
ⲧⲉⲛⲟⲩ	1	73	0.013513513513513514
ⲣⲣⲟ	1	73	0.013513513513513514
ⲙⲟⲩ	1	73	0.013513513513513514
ⲙⲙⲟⲓ	1	73	0.013513513513513514
ϩⲱⲱϥ	1	73	0.013513513513513514
ⲛⲉⲛⲉⲣⲏⲩ	1	74	0.013333333333333334
ⲓⲥ	1	74	0.013333333333333334
ϣⲗⲏⲗ	1	74	0.013333333333333334
ⲁⲁⲩ	1	76	0.012987012987012988
ⲥⲟⲟⲩⲛ	1	79	0.0125
%:	1	79	0.0125
ⲡⲣⲟⲫⲏⲧⲏⲥ	1	80	0.012345679012345678
ⲟⲩⲟⲛ	1	80	0.012345679012345678
ⲕⲟⲟⲩⲉ	1	80	0.012345679012345678
ⲧⲉⲓϩⲉ	1	81	0.012195121951219513
ϩⲟⲩⲟ	1	81	0.012195121951219513
ⲣⲁⲛ	1	82	0.012048192771084338
ⲉⲧⲃⲉⲡⲁⲓ	1	82	0.012048192771084338
ⲉⲣⲟⲛ	1	82	0.012048192771084338
ⲉϣⲱⲡⲉ	1	82	0.012048192771084338
ⲡⲁⲓ	3	249	0.011904761904761904
%ⲻ	1	85	0.011627906976744186
ⲛϩⲏⲧⲟⲩ	1	86	0.011494252873563218
ⲯⲩⲭⲏ	1	88	0.011235955056179775
ⲡⲟⲛⲏⲣⲟⲛ	1	88	0.011235955056179775
ϩⲙϩⲁⲗ	1	88	0.011235955056179775
ⲡⲕⲁϩ	1	89	0.011111111111111112
ⲉⲧⲙⲙⲁⲩ	1	90	0.01098901098901099
ⲧⲏⲣϥ	1	91	0.010869565217391304
%ⲟ	1	96	0.010309278350515464
ⲉⲓⲱⲧ	1	97	0.01020408163265306
ⲕⲁϩ	1	98	0.010101010101010102
ⲛⲁⲓ	3	295	0.010067114093959731
ϩⲁϩ	1	99	0.01
ⲗⲁⲁⲩ	1	100	0.009900990099009901
ⲟⲩⲱϣ	1	102	0.009708737864077669
ⲁⲡⲁ	1	105	0.009433962264150943
ⲧⲏⲩⲧⲛ	1	107	0.009259259259259259
ⲉⲧⲥⲏϩ	1	107	0.009259259259259259
ϣⲟⲟⲡ	1	108	0.009174311926605505
ⲙⲉⲉⲩⲉ	1	109	0.00909090909090909
ⲛⲟⲃⲉ	1	116	0.008547008547008548
ⲛⲟϭ	1	120	0.008264462809917356
ⲏⲓ	1	120	0.008264462809917356
ⲥⲏϩ	1	121	0.00819672131147541
ⲉⲓⲧⲉ	1	121	0.00819672131147541
ⲉⲣⲏⲩ	1	123	0.008064516129032258
ⲡϩⲗⲗⲟ	1	127	0.0078125
ⲧⲁⲓ	1	128	0.007751937984496124
ⲟⲩⲁ	1	133	0.007462686567164179
ⲥⲱⲧⲙ	1	136	0.0072992700729927005
ⲥⲟⲛ	1	136	0.0072992700729927005
%ⲏ	3	439	0.006787330316742082
ⲉⲓⲣⲉ	1	153	0.006493506493506494
ⲉⲧⲟⲩⲁⲁⲃ	1	157	0.006329113924050633
ⲛⲧⲟϥ	1	161	0.006172839506172839
ϩⲟⲟⲩ	1	161	0.006172839506172839
ⲡⲉϫⲁϥ	1	162	0.006134969325153374
ⲉⲣⲟⲟⲩ	1	167	0.005952380952380952
ⲃⲱⲕ	1	169	0.0058823529411764705
ⲙⲙⲁⲩ	1	172	0.005780346820809248
ⲟⲩⲁⲁⲃ	1	173	0.005747126436781609
ⲁⲗⲗⲁ	1	173	0.005747126436781609
ϩⲃⲏⲩⲉ	1	173	0.005747126436781609
ⲙⲙⲟⲥ	1	183	0.005434782608695652
ⲅⲁⲣ	1	189	0.005263157894736842
ϩⲱⲃ	1	197	0.005050505050505051
ϣⲏⲣⲉ	1	198	0.005025125628140704
ⲡϫⲟⲉⲓⲥ	1	201	0.0049504950495049506
ϩⲗⲗⲟ	1	202	0.0049261083743842365
ⲡⲛⲟⲩⲧⲉ	3	621	0.004807692307692308
ϫⲱ	1	214	0.004651162790697674
ⲙⲙⲟⲟⲩ	1	217	0.0045871559633027525
ⲉⲣⲟϥ	1	218	0.0045662100456621
%ⲓ	1	226	0.004405286343612335
ⲑⲉ	1	230	0.004329004329004329
ⲙⲙⲟϥ	1	235	0.00423728813559322
ⲉϩⲟⲩⲛ	1	236	0.004219409282700422
ⲧϩⲉ	1	246	0.004048582995951417
ϣⲁϫⲉ	1	247	0.004032258064516129
ⲧⲏⲣⲟⲩ	1	265	0.0037593984962406013
%,	1	271	0.003676470588235294
ⲉϩⲣⲁⲓ	1	277	0.0035971223021582736
ⲛⲁϥ	1	279	0.0035714285714285713
ϫⲟⲉⲓⲥ	1	287	0.003472222222222222
%.	4	1192	0.0033444816053511705
ϫⲟⲟⲥ	1	309	0.0032258064516129032
ϣⲱⲡⲉ	1	312	0.003194888178913738
ⲉⲃⲟⲗ	3	969	0.0030864197530864196
ⲟⲛ	1	386	0.002583979328165375
%ⲩ	1	394	0.002531645569620253
ⲛⲁⲩ	1	405	0.0024630541871921183
ϩⲉ	1	407	0.0024509803921568627
ⲣⲱⲙⲉ	1	414	0.0024096385542168677
ⲛⲓⲙ	1	499	0.002
ⲇⲉ	1	612	0.0016313213703099511
ⲛⲟⲩⲧⲉ	1	670	0.0014903129657228018
ⲁⲩⲱ	1	1443	0.0006925207756232687
%·	3	5595	0.0005359056806002144
